 B=[1 0 0 1 0 0 0 0 0;1 0 1 0 0 0 0 0 0;1 1 0 0 0 0 0 0 0;0 1 1 0 1 0 0 0 0;0 1 1 2 0 0 0 0 0;0 1 0 0 1 0 0 0 0;0 1 0 0 1 0 0 0 0;0 0 1 1 0 0 0 0 0;0 1 0 0 0 0 0 0 1;0 0 0 0 0 1 1 1 0;0 0 0 0 0 0 1 1 1;0 0 0 0 0 0 0 1 1]

B =

     1     0     0     1     0     0     0     0     0
     1     0     1     0     0     0     0     0     0
     1     1     0     0     0     0     0     0     0
     0     1     1     0     1     0     0     0     0
     0     1     1     2     0     0     0     0     0
     0     1     0     0     1     0     0     0     0
     0     1     0     0     1     0     0     0     0
     0     0     1     1     0     0     0     0     0
     0     1     0     0     0     0     0     0     1
     0     0     0     0     0     1     1     1     0
     0     0     0     0     0     0     1     1     1
     0     0     0     0     0     0     0     1     1

>> [U2,S2,V2]=svds(B,2)

U2 =

   -0.2214    0.1132
   -0.1976    0.0721
   -0.2405   -0.0432
   -0.4036   -0.0571
   -0.6445    0.1673
   -0.2650   -0.1072
   -0.2650   -0.1072
   -0.3008    0.1413
   -0.2059   -0.2736
   -0.0127   -0.4902
   -0.0361   -0.6228
   -0.0318   -0.4505


S2 =

    3.3409         0
         0    2.5417


V2 =

   -0.1974    0.0559
   -0.6060   -0.1656
   -0.4629    0.1273
   -0.5421    0.2318
   -0.2795   -0.1068
   -0.0038   -0.1928
   -0.0146   -0.4379
   -0.0241   -0.6151
   -0.0820   -0.5299

>> q=[0 1 0 1 0 0 0 0 0 0 0 0]'

q =

     0
     1
     0
     1
     0
     0
     0
     0
     0
     0
     0
     0

>> q2= q' * u2 * inv(s2)
??? Undefined function or variable 'u2'.

>> q2= q' * U2 * inv(S2)

q2 =

   -0.1800    0.0059

>> squareform(1-pdist([q2;V2],'cosine'))

ans =

  Columns 1 through 7

         0    0.9706    0.9555    0.9724    0.9319    0.9219   -0.0130
    0.9706         0    0.8563    1.0000    0.9918    0.8015   -0.2535
    0.9555    0.8563         0    0.8602    0.7834    0.9952    0.2826
    0.9724    1.0000    0.8602         0    0.9908    0.8061   -0.2461
    0.9319    0.9918    0.7834    0.9908         0    0.7187   -0.3748
    0.9219    0.8015    0.9952    0.8061    0.7187         0    0.3753
   -0.0130   -0.2535    0.2826   -0.2461   -0.3748    0.3753         0
    0.0006   -0.2403    0.2957   -0.2328   -0.3622    0.3879    0.9999
    0.0064   -0.2346    0.3012   -0.2272   -0.3567    0.3933    0.9998
    0.1203   -0.1223    0.4079   -0.1147   -0.2479    0.4955    0.9911

  Columns 8 through 10

    0.0006    0.0064    0.1203
   -0.2403   -0.2346   -0.1223
    0.2957    0.3012    0.4079
   -0.2328   -0.2272   -0.1147
   -0.3622   -0.3567   -0.2479
    0.3879    0.3933    0.4955
    0.9999    0.9998    0.9911
         0    1.0000    0.9928
    1.0000         0    0.9935
    0.9928    0.9935         0

>> 